acc = 0.8834355828220859
eval_loss = 0.38355147237739257
global_step = 411
loss = 0.009087255632383584
